120246 120234
121864 121851
121866 121851
121867 121851
120332 120332
120336 120332
121361 121361
120338 120332
120339 120332
120340 120332
120341 120332
120342 120332
121367 121361
121368 121361
121369 121361
121370 121361
121263 121263
121372 121361
120582 120577
120871 120871
121863 121851
121900 121900
120877 120871
120878 120871
120879 120871
120484 120479
120244 120234
121916 121900
120381 120381
120245 120234
120385 120381
121410 121410
120387 120381
120388 120381
120389 120381
120390 120381
120391 120381
121416 121410
121417 121410
121418 121410
121419 121410
121420 121410
121421 121410
121868 121851
120920 120920
121949 121949
120926 120920
120927 120920
121422 121410
120337 120332
120430 120430
120680 120675
120434 120430
121459 121459
120436 120430
120437 120430
120438 120430
120439 120430
120440 120430
121465 121459
121466 121459
121467 121459
121468 121459
121469 121459
121470 121459
121471 121459
121472 121459
121366 121361
120969 120969
120343 120332
120975 120969
120976 120969
120344 120332
121966 121949
120479 120479
121371 121361
121508 121508
120485 120479
120486 120479
120487 120479
120488 120479
120489 120479
120490 120479
121515 121508
121516 121508
121517 121508
121518 121508
121519 121508
121520 121508
121521 121508
120435 120430
121018 121018
120778 120773
121024 121018
121025 121018
121514 121508
120098 120087
120528 120528
121464 121459
120393 120381
121557 121557
120534 120528
120441 120430
120536 120528
120537 120528
120538 120528
120539 120528
121564 121557
121565 121557
121566 121557
121567 121557
121568 121557
121569 121557
121570 121557
121571 121557
120038 120038
121067 121067
121665 121655
120047 120038
120048 120038
121073 121067
121074 121067
121214 121214
120532 120528
120533 120528
120577 120577
120581 120577
121606 121606
120583 120577
120584 120577
120585 120577
120586 120577
120587 120577
121614 121606
121615 121606
121616 121606
121617 121606
121618 121606
120195 120185
121620 121606
121621 121606
120087 120087
121619 121606
120196 120185
121116 121116
120095 120087
120096 120087
120097 120087
121122 121116
121123 121116
121124 121116
120392 120381
120626 120626
120630 120626
121655 121655
120632 120626
120633 120626
120634 120626
120635 120626
120636 120626
121663 121655
121664 121655
121312 121312
121666 121655
121667 121655
121668 121655
121669 121655
121670 121655
120136 120136
120631 120626
121165 121165
120142 120136
120143 120136
120144 120136
120145 120136
120146 120136
121171 121165
121172 121165
121173 121165
121174 121165
121913 121900
120293 120283
120827 120822
120675 120675
120294 120283
120679 120675
121704 121704
120681 120675
120682 120675
120683 120675
120684 120675
120685 120675
121917 121900
121714 121704
121715 121704
121716 121704
121717 121704
121718 121704
121719 121704
121720 121704
120185 120185
120190 120185
120191 120185
120192 120185
120193 120185
120194 120185
121219 121214
121220 121214
121221 121214
121222 121214
121223 121214
120386 120381
120724 120724
120729 120724
120728 120724
121753 121753
120730 120724
120731 120724
120732 120724
120733 120724
120734 120724
121763 121753
121764 121753
121765 121753
121766 121753
120049 120038
121768 121753
121769 121753
120234 120234
121415 121410
120239 120234
120240 120234
120241 120234
120242 120234
120243 120234
121268 121263
121269 121263
121270 121263
121271 121263
121272 121263
121273 121263
120773 120773
120295 120283
121802 121802
120779 120773
120780 120773
120781 120773
120782 120773
120141 120136
120483 120479
121813 121802
121814 121802
121815 121802
121816 121802
121817 121802
121818 121802
120283 120283
120288 120283
120289 120283
120290 120283
120291 120283
120292 120283
121317 121312
121318 121312
121319 121312
121320 121312
121321 121312
121322 121312
121767 121753
121170 121165
120535 120528
120876 120871
120147 120136
120822 120822
121851 121851
120828 120822
120829 120822
120830 120822
120831 120822
