241152 241152
222210 222210
229380 229426
237510 237544
242930 242956
248330 248368
252427 252427
233485 233485
229390 229426
230280 230328
240660 240701
250590 250623
242030 242054
244760 244760
244740 244760
225818 225818
242010 242054
249690 249721
240670 240701
240220 240250
252410 252427
251940 251976
237093 237093
240680 240701
224860 224916
239760 239799
248800 248819
237490 237544
251950 251976
250160 250172
248368 248368
229426 229426
227110 227171
251490 251525
237940 237995
225320 225367
236600 236642
243380 243407
240701 240701
221759 221759
237050 237093
236610 236642
226230 226269
247450 247466
251976 251976
238860 238897
233034 233034
236590 236642
228940 228975
243810 243858
237060 237093
246990 247015
237040 237093
247890 247917
244309 244309
225367 225367
251480 251525
249700 249721
246530 246564
247900 247917
246970 247015
236642 236642
235250 235289
232550 232583
224870 224916
237500 237544
235690 235740
251500 251525
247917 247917
228975 228975
243820 243858
229840 229877
235710 235740
243830 243858
248340 248368
240250 240250
221710 221759
221308 221308
241570 241603
243840 243858
251525 251525
247430 247466
232583 232583
228460 228524
220810 220857
239320 239348
251510 251525
246540 246564
247440 247466
243858 243858
224916 224916
226670 226720
251030 251074
251050 251074
239300 239348
239770 239799
236191 236191
251040 251074
234340 234387
232100 232132
245190 245211
246980 247015
242460 242505
247466 247466
228524 228524
236150 236191
248350 248368
235700 235740
232990 233034
239799 239799
247880 247917
220857 220857
220800 220857
228030 228073
247420 247466
251074 251074
232132 232132
228470 228524
220360 220406
222160 222210
239310 239348
243407 243407
219900 219955
224465 224465
231190 231230
232540 232583
231630 231681
223960 224014
244260 244309
235740 235740
242910 242956
251060 251074
231650 231681
244730 244760
242470 242505
247015 247015
235240 235289
228073 228073
228480 228524
219000 219053
233000 233034
227570 227622
228020 228073
239348 239348
237950 237995
220406 220406
246520 246564
250580 250623
227580 227622
227560 227622
250623 250623
231681 231681
237960 237995
250150 250172
241110 241152
252860 252878
250120 250172
225310 225367
231170 231230
242956 242956
224014 224014
232980 233034
231640 231681
250130 250172
244270 244309
223510 223563
223060 223112
235289 235289
250140 250172
223520 223563
242480 242505
234790 234838
246564 246564
232070 232132
227622 227622
246060 246113
230730 230779
220350 220406
234800 234838
238897 238897
219955 219955
235230 235289
246070 246113
234330 234387
234810 234838
250172 250172
231230 231230
238400 238446
241120 241152
241580 241603
231620 231681
230710 230779
249670 249721
242505 242505
238410 238446
223563 223563
223970 224014
232970 233034
249680 249721
244280 244309
241560 241603
238420 238446
234838 234838
251960 251976
230270 230328
227130 227171
223070 223112
227120 227171
246113 246113
227171 227171
242020 242054
226660 226720
238850 238897
222610 222661
238446 238446
219504 219504
242920 242956
245620 245662
224410 224465
226680 226720
249721 249721
230779 230779
247000 247015
241130 241152
245630 245662
248790 248819
236140 236191
228920 228975
249220 249270
234350 234387
242054 242054
223112 223112
234780 234838
244290 244309
249230 249270
246080 246113
249240 249270
230290 230328
234387 234387
233880 233936
219450 219504
232090 232132
245662 245662
226720 226720
244720 244760
233890 233936
232080 232132
243370 243407
231180 231230
237995 237995
233900 233936
219053 219053
240210 240250
230720 230779
232520 232583
245170 245211
228930 228975
249270 249270
230328 230328
230260 230328
229820 229877
246090 246113
252850 252878
252400 252427
243360 243407
238870 238897
241603 241603
222661 222661
229830 229877
221260 221308
226220 226269
248780 248819
249250 249270
252878 252878
237970 237995
233936 233936
231160 231230
250610 250623
225760 225818
233430 233485
224420 224465
236160 236191
245211 245211
226269 226269
233440 233485
225770 225818
244710 244760
237544 237544
235260 235289
233450 233485
232530 232583
229360 229426
245640 245662
248819 248819
225780 225818
229877 229877
250600 250623
226210 226269
230740 230779
229370 229426
245180 245211
228010 228073
