FID_,ID,Z
,0001,0.000000000000000
,0002,45.369999999999997
,0003,0.000000000000000
,0004,11.570000000000000
,0005,14.000000000000000
,0006,67.000000000000000
,0007,0.000000000000000
,0008,89.780000000000001
,0009,15.250000000000000
,0010,85.500000000000000
,0011,3.250000000000000
,0012,0.210000000000000
,0013,50.570000000000000
,0014,18.750000000000000
,0015,539.250000000000000
,0016,45.500000000000000
,0017,143.680000000000010
,0018,2.000000000000000
,0019,34.500000000000000
,0020,244.500000000000000
,0021,166.250000000000000
,0022,180.970000000000000
,0023,67.849999999999994
,0024,288.000000000000000
,0025,113.000000000000000
,0026,362.750000000000000
,0027,2.000000000000000
,0028,233.180000000000010
,0029,735.500000000000000
,0030,255.250000000000000
,0031,340.500000000000000
,0032,91.079999999999998
,0033,89.079999999999998
,0034,258.250000000000000
,0035,147.000000000000000
,0036,504.250000000000000
,0037,42.500000000000000
,0038,18.719999999999999
,0039,130.750000000000000
,0040,577.250000000000000
,0041,790.500000000000000
,0042,221.750000000000000
,0043,115.790000000000010
,0044,55.060000000000002
,0045,674.750000000000000
,0046,329.000000000000000
,0047,679.250000000000000
,0048,455.250000000000000
,0049,109.010000000000010
,0050,5.070000000000000
,0051,50.000000000000000
,0052,541.250000000000000
,0053,771.500000000000000
,0054,958.500000000000000
,0055,318.250000000000000
,0056,13.000000000000000
,0057,0.000000000000000
,0058,0.070000000000000
,0059,1.090000000000000
,0060,18.000000000000000
,0061,172.000000000000000
,0062,392.000000000000000
,0063,1302.500000000000000
,0064,1044.250000000000000
,0065,607.000000000000000
,0066,524.750000000000000
,0067,0.000000000000000
,0068,0.690000000000000
,0069,1.000000000000000
,0070,5.500000000000000
,0071,40.250000000000000
,0072,127.250000000000000
,0073,184.000000000000000
,0074,984.250000000000000
,0075,1079.250000000000000
,0076,670.250000000000000
,0077,641.500000000000000
,0078,216.139999999999990
,0079,4.000000000000000
,0080,3.000000000000000
,0081,1.000000000000000
,0082,1.750000000000000
,0083,11.500000000000000
,0084,34.750000000000000
,0085,599.000000000000000
,0086,1161.500000000000000
,0087,1075.500000000000000
,0088,1413.750000000000000
,0089,668.500000000000000
,0090,651.000000000000000
,0091,384.250000000000000
,0092,0.000000000000000
,0093,5.000000000000000
,0094,3.250000000000000
,0095,7.000000000000000
,0096,5.500000000000000
,0097,4.750000000000000
,0098,17.000000000000000
,0099,49.500000000000000
,0100,175.750000000000000
,0101,253.250000000000000
,0102,1395.250000000000000
,0103,955.250000000000000
,0104,613.750000000000000
,0105,678.500000000000000
,0106,158.000000000000000
,0107,0.000000000000000
,0108,0.000000000000000
,0109,6.000000000000000
,0110,32.250000000000000
,0111,5.000000000000000
,0112,9.000000000000000
,0113,12.500000000000000
,0114,27.250000000000000
,0115,247.500000000000000
,0116,483.000000000000000
,0117,2112.750000000000000
,0118,1223.000000000000000
,0119,674.000000000000000
,0120,213.250000000000000
,0121,776.000000000000000
,0122,92.250000000000000
,0123,0.000000000000000
,0124,8.760000000000000
,0125,2.750000000000000
,0126,10.750000000000000
,0127,14.000000000000000
,0128,14.500000000000000
,0129,15.500000000000000
,0130,18.250000000000000
,0131,23.750000000000000
,0132,181.000000000000000
,0133,812.500000000000000
,0134,1890.000000000000000
,0135,1399.750000000000000
,0136,785.500000000000000
,0137,1307.750000000000000
,0138,1134.500000000000000
,0139,528.250000000000000
,0140,0.000000000000000
,0141,72.659999999999997
,0142,5.500000000000000
,0143,15.750000000000000
,0144,59.250000000000000
,0145,19.000000000000000
,0146,24.250000000000000
,0147,30.750000000000000
,0148,51.250000000000000
,0149,460.250000000000000
,0150,955.000000000000000
,0151,923.000000000000000
,0152,2142.750000000000000
,0153,1305.750000000000000
,0154,1198.250000000000000
,0155,971.750000000000000
,0156,830.250000000000000
,0157,6.750000000000000
,0158,0.000000000000000
,0159,2.000000000000000
,0160,15.250000000000000
,0161,20.000000000000000
,0162,115.500000000000000
,0163,21.250000000000000
,0164,30.250000000000000
,0165,42.500000000000000
,0166,72.750000000000000
,0167,107.500000000000000
,0168,735.750000000000000
,0169,1538.250000000000000
,0170,1490.250000000000000
,0171,1556.250000000000000
,0172,1888.500000000000000
,0173,1043.000000000000000
,0174,854.000000000000000
,0175,114.500000000000000
,0176,16.000000000000000
,0177,0.000000000000000
,0178,9.330000000000000
,0179,6.000000000000000
,0180,20.750000000000000
,0181,109.500000000000000
,0182,31.000000000000000
,0183,32.750000000000000
,0184,42.000000000000000
,0185,65.000000000000000
,0186,210.000000000000000
,0187,667.500000000000000
,0188,671.250000000000000
,0189,1197.500000000000000
,0190,1111.250000000000000
,0191,1778.500000000000000
,0192,1194.250000000000000
,0193,848.000000000000000
,0194,438.000000000000000
,0195,66.250000000000000
,0196,17.500000000000000
,0197,2.000000000000000
,0198,0.000000000000000
,0199,8.000000000000000
,0200,6.250000000000000
,0201,36.250000000000000
,0202,71.250000000000000
,0203,119.750000000000000
,0204,35.500000000000000
,0205,47.500000000000000
,0206,66.500000000000000
,0207,253.750000000000000
,0208,589.000000000000000
,0209,1394.750000000000000
,0210,1377.750000000000000
,0211,1350.500000000000000
,0212,1911.000000000000000
,0213,1583.000000000000000
,0214,1275.750000000000000
,0215,894.250000000000000
,0216,121.250000000000000
,0217,48.750000000000000
,0218,51.250000000000000
,0219,0.000000000000000
,0220,1.750000000000000
,0221,16.000000000000000
,0222,3.500000000000000
,0223,198.250000000000000
,0224,64.250000000000000
,0225,226.250000000000000
,0226,37.000000000000000
,0227,61.000000000000000
,0228,93.250000000000000
,0229,258.500000000000000
,0230,802.000000000000000
,0231,1466.750000000000000
,0232,2146.500000000000000
,0233,1503.500000000000000
,0234,1338.250000000000000
,0235,1205.000000000000000
,0236,1189.500000000000000
,0237,1182.500000000000000
,0238,252.500000000000000
,0239,62.750000000000000
,0240,59.000000000000000
,0241,0.000000000000000
,0242,1.000000000000000
,0243,15.250000000000000
,0244,16.500000000000000
,0245,9.000000000000000
,0246,46.250000000000000
,0247,112.000000000000000
,0248,48.500000000000000
,0249,45.250000000000000
,0250,188.250000000000000
,0251,146.500000000000000
,0252,489.000000000000000
,0253,889.000000000000000
,0254,1932.500000000000000
,0255,2296.750000000000000
,0256,2052.000000000000000
,0257,1084.750000000000000
,0258,1411.750000000000000
,0259,1123.000000000000000
,0260,350.500000000000000
,0261,111.750000000000000
,0262,841.000000000000000
,0263,103.000000000000000
,0264,0.000000000000000
,0265,0.000000000000000
,0266,5.000000000000000
,0267,9.500000000000000
,0268,25.250000000000000
,0269,47.250000000000000
,0270,42.750000000000000
,0271,78.250000000000000
,0272,102.750000000000000
,0273,455.750000000000000
,0274,174.750000000000000
,0275,245.000000000000000
,0276,794.250000000000000
,0277,842.000000000000000
,0278,1515.250000000000000
,0279,1842.750000000000000
,0280,1215.750000000000000
,0281,1694.000000000000000
,0282,1809.500000000000000
,0283,1476.250000000000000
,0284,913.250000000000000
,0285,249.750000000000000
,0286,301.250000000000000
,0287,308.000000000000000
,0288,33.250000000000000
,0289,0.000000000000000
,0290,1.960000000000000
,0291,18.750000000000000
,0292,5.000000000000000
,0293,18.500000000000000
,0294,56.750000000000000
,0295,143.250000000000000
,0296,148.000000000000000
,0297,95.250000000000000
,0298,117.000000000000000
,0299,353.750000000000000
,0300,220.500000000000000
,0301,1080.500000000000000
,0302,703.000000000000000
,0303,1403.750000000000000
,0304,2548.500000000000000
,0305,1463.500000000000000
,0306,1838.500000000000000
,0307,2302.500000000000000
,0308,1120.250000000000000
,0309,744.750000000000000
,0310,367.250000000000000
,0311,290.750000000000000
,0312,347.250000000000000
,0313,234.000000000000000
,0314,0.000000000000000
,0315,1.780000000000000
,0316,1.000000000000000
,0317,0.000000000000000
,0318,3.250000000000000
,0319,17.000000000000000
,0320,14.750000000000000
,0321,46.500000000000000
,0322,63.500000000000000
,0323,54.500000000000000
,0324,421.000000000000000
,0325,235.500000000000000
,0326,396.500000000000000
,0327,492.500000000000000
,0328,764.250000000000000
,0329,1334.250000000000000
,0330,833.750000000000000
,0331,1818.500000000000000
,0332,2859.000000000000000
,0333,2523.500000000000000
,0334,2100.750000000000000
,0335,1205.000000000000000
,0336,1689.750000000000000
,0337,811.000000000000000
,0338,220.500000000000000
,0339,822.750000000000000
,0340,111.750000000000000
,0341,63.000000000000000
,0342,0.000000000000000
,0343,2.000000000000000
,0344,2.000000000000000
,0345,2.000000000000000
,0346,3.500000000000000
,0347,3.250000000000000
,0348,10.750000000000000
,0349,41.000000000000000
,0350,53.250000000000000
,0351,78.500000000000000
,0352,85.500000000000000
,0353,300.000000000000000
,0354,350.500000000000000
,0355,586.750000000000000
,0356,496.500000000000000
,0357,1179.750000000000000
,0358,1303.500000000000000
,0359,1982.250000000000000
,0360,3017.750000000000000
,0361,2679.750000000000000
,0362,2758.000000000000000
,0363,1903.500000000000000
,0364,1456.500000000000000
,0365,1245.500000000000000
,0366,253.000000000000000
,0367,371.750000000000000
,0368,347.750000000000000
,0369,764.000000000000000
,0370,0.000000000000000
,0371,1.000000000000000
,0372,0.000000000000000
,0373,3.000000000000000
,0374,4.000000000000000
,0375,3.500000000000000
,0376,11.000000000000000
,0377,8.000000000000000
,0378,41.250000000000000
,0379,39.750000000000000
,0380,121.000000000000000
,0381,457.000000000000000
,0382,399.500000000000000
,0383,728.500000000000000
,0384,710.500000000000000
,0385,1221.750000000000000
,0386,953.000000000000000
,0387,1438.250000000000000
,0388,2896.750000000000000
,0389,1782.000000000000000
,0390,2320.500000000000000
,0391,1287.750000000000000
,0392,695.500000000000000
,0393,847.250000000000000
,0394,305.500000000000000
,0395,262.000000000000000
,0396,483.250000000000000
,0397,1267.500000000000000
,0398,82.000000000000000
,0399,0.490000000000000
,0400,0.000000000000000
,0401,1.000000000000000
,0402,3.000000000000000
,0403,4.250000000000000
,0404,3.250000000000000
,0405,8.750000000000000
,0406,26.000000000000000
,0407,98.750000000000000
,0408,202.750000000000000
,0409,117.250000000000000
,0410,348.250000000000000
,0411,221.500000000000000
,0412,366.750000000000000
,0413,1337.750000000000000
,0414,1088.500000000000000
,0415,763.750000000000000
,0416,2251.500000000000000
,0417,2813.250000000000000
,0418,2317.000000000000000
,0419,2090.500000000000000
,0420,1003.250000000000000
,0421,1318.500000000000000
,0422,936.750000000000000
,0423,444.500000000000000
,0424,236.250000000000000
,0425,339.500000000000000
,0426,1280.000000000000000
,0427,596.500000000000000
,0428,0.000000000000000
,0429,0.000000000000000
,0430,1.000000000000000
,0431,5.000000000000000
,0432,4.500000000000000
,0433,3.500000000000000
,0434,12.500000000000000
,0435,30.250000000000000
,0436,79.500000000000000
,0437,77.500000000000000
,0438,119.250000000000000
,0439,270.750000000000000
,0440,580.250000000000000
,0441,718.000000000000000
,0442,607.250000000000000
,0443,1725.500000000000000
,0444,854.750000000000000
,0445,1382.500000000000000
,0446,2523.250000000000000
,0447,2418.750000000000000
,0448,2069.000000000000000
,0449,1682.750000000000000
,0450,2212.500000000000000
,0451,2029.500000000000000
,0452,1905.000000000000000
,0453,430.250000000000000
,0454,206.750000000000000
,0455,586.000000000000000
,0456,409.000000000000000
,0457,0.000000000000000
,0458,1.000000000000000
,0459,3.000000000000000
,0460,6.750000000000000
,0461,4.000000000000000
,0462,9.500000000000000
,0463,19.000000000000000
,0464,62.000000000000000
,0465,124.250000000000000
,0466,611.750000000000000
,0467,308.500000000000000
,0468,694.250000000000000
,0469,469.500000000000000
,0470,591.250000000000000
,0471,1584.750000000000000
,0472,1568.750000000000000
,0473,1688.000000000000000
,0474,2238.250000000000000
,0475,2589.000000000000000
,0476,2560.000000000000000
,0477,2476.000000000000000
,0478,2414.500000000000000
,0479,1822.000000000000000
,0480,1001.250000000000000
,0481,1267.000000000000000
,0482,170.250000000000000
,0483,289.500000000000000
,0484,642.250000000000000
,0485,10.150000000000000
,0486,0.000000000000000
,0487,2.500000000000000
,0488,6.500000000000000
,0489,5.500000000000000
,0490,6.500000000000000
,0491,17.000000000000000
,0492,30.000000000000000
,0493,85.000000000000000
,0494,354.750000000000000
,0495,742.750000000000000
,0496,242.000000000000000
,0497,245.250000000000000
,0498,916.500000000000000
,0499,1055.250000000000000
,0500,2268.500000000000000
,0501,1263.500000000000000
,0502,1018.250000000000000
,0503,1476.750000000000000
,0504,2755.750000000000000
,0505,3377.750000000000000
,0506,2588.500000000000000
,0507,2583.750000000000000
,0508,1704.250000000000000
,0509,1349.000000000000000
,0510,252.250000000000000
,0511,137.750000000000000
,0512,794.000000000000000
,0513,144.000000000000000
,0514,0.000000000000000
,0515,0.000000000000000
,0516,1.000000000000000
,0517,5.000000000000000
,0518,7.500000000000000
,0519,12.000000000000000
,0520,13.000000000000000
,0521,26.250000000000000
,0522,51.500000000000000
,0523,162.250000000000000
,0524,939.750000000000000
,0525,718.750000000000000
,0526,618.750000000000000
,0527,682.250000000000000
,0528,1768.250000000000000
,0529,1117.000000000000000
,0530,1809.250000000000000
,0531,2440.750000000000000
,0532,2344.500000000000000
,0533,2973.000000000000000
,0534,2679.750000000000000
,0535,1649.500000000000000
,0536,1797.000000000000000
,0537,1374.750000000000000
,0538,697.000000000000000
,0539,471.750000000000000
,0540,115.750000000000000
,0541,519.500000000000000
,0542,829.750000000000000
,0543,28.590000000000000
,0544,0.000000000000000
,0545,4.000000000000000
,0546,8.000000000000000
,0547,13.500000000000000
,0548,15.000000000000000
,0549,32.000000000000000
,0550,45.500000000000000
,0551,116.000000000000000
,0552,286.500000000000000
,0553,770.500000000000000
,0554,962.250000000000000
,0555,1014.500000000000000
,0556,1614.250000000000000
,0557,1540.250000000000000
,0558,1219.500000000000000
,0559,2527.750000000000000
,0560,1820.750000000000000
,0561,2643.250000000000000
,0562,2469.750000000000000
,0563,1857.250000000000000
,0564,1160.250000000000000
,0565,1635.750000000000000
,0566,1757.250000000000000
,0567,429.250000000000000
,0568,114.750000000000000
,0569,503.250000000000000
,0570,437.250000000000000
,0571,67.129999999999995
,0572,0.000000000000000
,0573,4.000000000000000
,0574,6.500000000000000
,0575,10.000000000000000
,0576,17.500000000000000
,0577,26.000000000000000
,0578,20.000000000000000
,0579,55.250000000000000
,0580,129.750000000000000
,0581,357.750000000000000
,0582,658.250000000000000
,0583,766.250000000000000
,0584,1176.000000000000000
,0585,1370.500000000000000
,0586,1737.250000000000000
,0587,1625.500000000000000
,0588,3273.250000000000000
,0589,2843.250000000000000
,0590,2515.250000000000000
,0591,2505.750000000000000
,0592,1946.250000000000000
,0593,2041.750000000000000
,0594,1525.500000000000000
,0595,388.250000000000000
,0596,145.000000000000000
,0597,84.250000000000000
,0598,739.250000000000000
,0599,195.000000000000000
,0600,0.000000000000000
,0601,1.000000000000000
,0602,3.000000000000000
,0603,5.000000000000000
,0604,8.500000000000000
,0605,11.500000000000000
,0606,19.500000000000000
,0607,27.000000000000000
,0608,100.500000000000000
,0609,160.000000000000000
,0610,337.000000000000000
,0611,687.250000000000000
,0612,1245.750000000000000
,0613,1362.500000000000000
,0614,1701.750000000000000
,0615,2251.750000000000000
,0616,2638.250000000000000
,0617,3151.000000000000000
,0618,3284.500000000000000
,0619,3369.750000000000000
,0620,2883.500000000000000
,0621,2386.750000000000000
,0622,2987.250000000000000
,0623,2295.000000000000000
,0624,1094.000000000000000
,0625,552.250000000000000
,0626,210.000000000000000
,0627,63.750000000000000
,0628,284.750000000000000
,0629,0.000000000000000
,0630,1.000000000000000
,0631,3.000000000000000
,0632,6.000000000000000
,0633,5.500000000000000
,0634,15.500000000000000
,0635,18.500000000000000
,0636,37.000000000000000
,0637,56.000000000000000
,0638,130.500000000000000
,0639,273.000000000000000
,0640,1252.250000000000000
,0641,1418.250000000000000
,0642,848.500000000000000
,0643,1725.750000000000000
,0644,1831.000000000000000
,0645,1912.250000000000000
,0646,2090.750000000000000
,0647,2312.000000000000000
,0648,2887.250000000000000
,0649,3008.500000000000000
,0650,3083.250000000000000
,0651,1717.250000000000000
,0652,1456.750000000000000
,0653,1541.500000000000000
,0654,520.250000000000000
,0655,94.000000000000000
,0656,315.750000000000000
,0657,359.250000000000000
,0658,0.000000000000000
,0659,2.000000000000000
,0660,5.500000000000000
,0661,8.500000000000000
,0662,10.000000000000000
,0663,14.250000000000000
,0664,17.000000000000000
,0665,29.500000000000000
,0666,76.000000000000000
,0667,199.250000000000000
,0668,578.500000000000000
,0669,484.500000000000000
,0670,739.750000000000000
,0671,627.750000000000000
,0672,1770.250000000000000
,0673,1907.500000000000000
,0674,1070.250000000000000
,0675,1675.750000000000000
,0676,2516.750000000000000
,0677,1832.000000000000000
,0678,1846.250000000000000
,0679,2830.500000000000000
,0680,2607.250000000000000
,0681,2410.750000000000000
,0682,1418.000000000000000
,0683,1435.750000000000000
,0684,151.000000000000000
,0685,477.250000000000000
,0686,160.000000000000000
,0687,36.829999999999998
,0688,3.000000000000000
,0689,4.500000000000000
,0690,8.000000000000000
,0691,11.000000000000000
,0692,12.500000000000000
,0693,15.500000000000000
,0694,26.000000000000000
,0695,47.500000000000000
,0696,114.750000000000000
,0697,268.000000000000000
,0698,720.500000000000000
,0699,890.000000000000000
,0700,1368.250000000000000
,0701,2141.500000000000000
,0702,1716.000000000000000
,0703,831.750000000000000
,0704,2366.250000000000000
,0705,1857.750000000000000
,0706,1768.750000000000000
,0707,3097.750000000000000
,0708,3168.250000000000000
,0709,2358.750000000000000
,0710,2604.000000000000000
,0711,1827.000000000000000
,0712,1673.000000000000000
,0713,238.250000000000000
,0714,209.250000000000000
,0715,271.750000000000000
,0716,133.050000000000010
,0717,2.000000000000000
,0718,3.500000000000000
,0719,7.500000000000000
,0720,8.250000000000000
,0721,14.000000000000000
,0722,15.000000000000000
,0723,24.000000000000000
,0724,37.750000000000000
,0725,60.000000000000000
,0726,146.000000000000000
,0727,430.750000000000000
,0728,559.750000000000000
,0729,658.750000000000000
,0730,1472.750000000000000
,0731,979.250000000000000
,0732,664.750000000000000
,0733,1839.750000000000000
,0734,1751.500000000000000
,0735,1396.750000000000000
,0736,3129.250000000000000
,0737,2265.750000000000000
,0738,1590.000000000000000
,0739,2719.000000000000000
,0740,1987.000000000000000
,0741,1162.500000000000000
,0742,1131.250000000000000
,0743,116.750000000000000
,0744,223.500000000000000
,0745,434.500000000000000
,0746,0.000000000000000
,0747,0.000000000000000
,0748,2.000000000000000
,0749,8.000000000000000
,0750,9.000000000000000
,0751,13.250000000000000
,0752,19.750000000000000
,0753,25.500000000000000
,0754,32.500000000000000
,0755,47.000000000000000
,0756,77.750000000000000
,0757,263.500000000000000
,0758,448.250000000000000
,0759,615.000000000000000
,0760,982.000000000000000
,0761,746.000000000000000
,0762,761.750000000000000
,0763,2310.750000000000000
,0764,1626.000000000000000
,0765,1444.500000000000000
,0766,2511.000000000000000
,0767,1738.750000000000000
,0768,1644.750000000000000
,0769,2400.750000000000000
,0770,2140.500000000000000
,0771,1471.250000000000000
,0772,958.500000000000000
,0773,130.500000000000000
,0774,98.000000000000000
,0775,323.500000000000000
,0776,0.000000000000000
,0777,0.000000000000000
,0778,2.500000000000000
,0779,6.750000000000000
,0780,9.000000000000000
,0781,13.000000000000000
,0782,19.750000000000000
,0783,26.000000000000000
,0784,35.750000000000000
,0785,43.000000000000000
,0786,59.750000000000000
,0787,306.750000000000000
,0788,188.000000000000000
,0789,370.750000000000000
,0790,538.250000000000000
,0791,840.750000000000000
,0792,819.750000000000000
,0793,1638.500000000000000
,0794,2535.750000000000000
,0795,897.500000000000000
,0796,1589.250000000000000
,0797,2278.250000000000000
,0798,2476.500000000000000
,0799,2861.750000000000000
,0800,1902.750000000000000
,0801,1066.750000000000000
,0802,543.500000000000000
,0803,348.250000000000000
,0804,85.500000000000000
,0805,305.000000000000000
,0806,205.669999999999990
,0807,0.000000000000000
,0808,0.000000000000000
,0809,4.000000000000000
,0810,7.000000000000000
,0811,9.750000000000000
,0812,17.250000000000000
,0813,25.500000000000000
,0814,34.000000000000000
,0815,46.250000000000000
,0816,66.000000000000000
,0817,100.750000000000000
,0818,132.250000000000000
,0819,325.500000000000000
,0820,262.000000000000000
,0821,451.500000000000000
,0822,660.750000000000000
,0823,392.500000000000000
,0824,546.250000000000000
,0825,1154.750000000000000
,0826,899.750000000000000
,0827,1358.500000000000000
,0828,2290.500000000000000
,0829,2717.750000000000000
,0830,1401.000000000000000
,0831,1173.750000000000000
,0832,1584.000000000000000
,0833,446.750000000000000
,0834,110.000000000000000
,0835,113.250000000000000
,0836,122.160000000000000
,0837,2.300000000000000
,0838,0.000000000000000
,0839,6.000000000000000
,0840,10.000000000000000
,0841,17.000000000000000
,0842,23.500000000000000
,0843,32.750000000000000
,0844,41.500000000000000
,0845,51.500000000000000
,0846,386.250000000000000
,0847,188.000000000000000
,0848,257.750000000000000
,0849,267.250000000000000
,0850,703.750000000000000
,0851,637.500000000000000
,0852,981.500000000000000
,0853,1852.500000000000000
,0854,591.250000000000000
,0855,1781.750000000000000
,0856,3059.250000000000000
,0857,2589.000000000000000
,0858,2090.750000000000000
,0859,2147.250000000000000
,0860,1577.500000000000000
,0861,552.250000000000000
,0862,241.000000000000000
,0863,79.750000000000000
,0864,44.000000000000000
,0865,502.000000000000000
,0866,0.000000000000000
,0867,1.000000000000000
,0868,2.000000000000000
,0869,10.000000000000000
,0870,13.000000000000000
,0871,17.500000000000000
,0872,23.000000000000000
,0873,30.500000000000000
,0874,37.000000000000000
,0875,312.000000000000000
,0876,109.000000000000000
,0877,127.000000000000000
,0878,179.250000000000000
,0879,612.500000000000000
,0880,582.000000000000000
,0881,801.750000000000000
,0882,1171.250000000000000
,0883,1137.750000000000000
,0884,999.750000000000000
,0885,2593.750000000000000
,0886,2226.250000000000000
,0887,1824.750000000000000
,0888,2566.000000000000000
,0889,1804.250000000000000
,0890,1168.250000000000000
,0891,1467.250000000000000
,0892,714.500000000000000
,0893,43.000000000000000
,0894,105.250000000000000
,0895,0.000000000000000
,0896,2.330000000000000
,0897,6.500000000000000
,0898,10.000000000000000
,0899,13.000000000000000
,0900,20.000000000000000
,0901,26.250000000000000
,0902,29.500000000000000
,0903,414.500000000000000
,0904,86.500000000000000
,0905,177.500000000000000
,0906,317.000000000000000
,0907,792.250000000000000
,0908,647.500000000000000
,0909,722.750000000000000
,0910,496.750000000000000
,0911,1423.750000000000000
,0912,1210.000000000000000
,0913,1347.750000000000000
,0914,2050.750000000000000
,0915,2106.250000000000000
,0916,2677.250000000000000
,0917,2130.750000000000000
,0918,2421.000000000000000
,0919,1548.000000000000000
,0920,1369.000000000000000
,0921,299.500000000000000
,0922,36.000000000000000
,0923,14.210000000000001
,0924,2.000000000000000
,0925,8.000000000000000
,0926,9.000000000000000
,0927,14.000000000000000
,0928,20.500000000000000
,0929,22.000000000000000
,0930,90.250000000000000
,0931,105.500000000000000
,0932,193.000000000000000
,0933,256.250000000000000
,0934,908.000000000000000
,0935,360.750000000000000
,0936,402.750000000000000
,0937,477.000000000000000
,0938,1368.750000000000000
,0939,1144.000000000000000
,0940,931.250000000000000
,0941,1663.000000000000000
,0942,1947.000000000000000
,0943,2920.250000000000000
,0944,2222.750000000000000
,0945,1625.250000000000000
,0946,1344.750000000000000
,0947,219.250000000000000
,0948,859.000000000000000
,0949,29.000000000000000
,0950,0.000000000000000
,0951,0.000000000000000
,0952,2.000000000000000
,0953,4.250000000000000
,0954,7.250000000000000
,0955,12.000000000000000
,0956,14.500000000000000
,0957,134.000000000000000
,0958,50.250000000000000
,0959,82.250000000000000
,0960,201.500000000000000
,0961,519.500000000000000
,0962,431.250000000000000
,0963,658.750000000000000
,0964,590.000000000000000
,0965,887.250000000000000
,0966,1626.000000000000000
,0967,1129.500000000000000
,0968,1135.750000000000000
,0969,1108.000000000000000
,0970,1720.250000000000000
,0971,2720.000000000000000
,0972,1442.500000000000000
,0973,1171.000000000000000
,0974,878.500000000000000
,0975,1438.500000000000000
,0976,567.750000000000000
,0977,222.000000000000000
,0978,7.000000000000000
,0979,0.000000000000000
,0980,1.560000000000000
,0981,3.000000000000000
,0982,9.000000000000000
,0983,13.000000000000000
,0984,128.500000000000000
,0985,35.250000000000000
,0986,47.250000000000000
,0987,130.500000000000000
,0988,350.250000000000000
,0989,705.500000000000000
,0990,439.250000000000000
,0991,414.250000000000000
,0992,778.500000000000000
,0993,1632.000000000000000
,0994,1486.500000000000000
,0995,1498.000000000000000
,0996,1443.750000000000000
,0997,1997.500000000000000
,0998,2997.500000000000000
,0999,2219.250000000000000
,1000,2152.250000000000000
,1001,2599.750000000000000
,1002,1860.250000000000000
,1003,996.000000000000000
,1004,1166.250000000000000
,1005,3.670000000000000
,1006,0.000000000000000
,1007,2.000000000000000
,1008,7.000000000000000
,1009,12.500000000000000
,1010,23.000000000000000
,1011,34.500000000000000
,1012,53.750000000000000
,1013,128.000000000000000
,1014,294.250000000000000
,1015,847.250000000000000
,1016,583.000000000000000
,1017,918.250000000000000
,1018,1382.250000000000000
,1019,1138.250000000000000
,1020,894.250000000000000
,1021,1134.000000000000000
,1022,1559.250000000000000
,1023,2507.000000000000000
,1024,2629.750000000000000
,1025,3366.250000000000000
,1026,2872.500000000000000
,1027,2603.000000000000000
,1028,1850.000000000000000
,1029,2002.500000000000000
,1030,925.500000000000000
,1031,18.000000000000000
,1032,0.000000000000000
,1033,1.000000000000000
,1034,3.250000000000000
,1035,8.000000000000000
,1036,181.000000000000000
,1037,68.750000000000000
,1038,97.500000000000000
,1039,141.250000000000000
,1040,347.000000000000000
,1041,531.500000000000000
,1042,606.250000000000000
,1043,1377.000000000000000
,1044,1125.750000000000000
,1045,2139.500000000000000
,1046,2164.000000000000000
,1047,1984.750000000000000
,1048,1125.750000000000000
,1049,2338.500000000000000
,1050,3168.750000000000000
,1051,2303.250000000000000
,1052,1984.250000000000000
,1053,1382.750000000000000
,1054,1553.250000000000000
,1055,796.500000000000000
,1056,994.000000000000000
,1057,39.500000000000000
,1058,14.350000000000000
,1059,0.000000000000000
,1060,3.000000000000000
,1061,258.250000000000000
,1062,109.000000000000000
,1063,145.250000000000000
,1064,362.750000000000000
,1065,341.500000000000000
,1066,405.250000000000000
,1067,1059.750000000000000
,1068,1158.500000000000000
,1069,1185.500000000000000
,1070,1459.000000000000000
,1071,2263.500000000000000
,1072,2830.000000000000000
,1073,2105.250000000000000
,1074,2320.500000000000000
,1075,2720.500000000000000
,1076,2590.250000000000000
,1077,2511.500000000000000
,1078,1616.000000000000000
,1079,1200.500000000000000
,1080,1368.000000000000000
,1081,2112.250000000000000
,1082,547.750000000000000
,1083,0.000000000000000
,1084,0.000000000000000
,1085,0.500000000000000
,1086,2.000000000000000
,1087,135.250000000000000
,1088,174.250000000000000
,1089,180.500000000000000
,1090,237.250000000000000
,1091,548.500000000000000
,1092,367.500000000000000
,1093,579.250000000000000
,1094,1488.250000000000000
,1095,2118.250000000000000
,1096,1813.500000000000000
,1097,1557.500000000000000
,1098,1344.000000000000000
,1099,2032.750000000000000
,1100,1769.500000000000000
,1101,2321.750000000000000
,1102,2445.750000000000000
,1103,2512.500000000000000
,1104,2133.500000000000000
,1105,1450.750000000000000
,1106,1864.000000000000000
,1107,2386.000000000000000
,1108,1155.000000000000000
,1109,1880.750000000000000
,1110,27.500000000000000
,1111,0.000000000000000
,1112,4.000000000000000
,1113,5.000000000000000
,1114,25.500000000000000
,1115,175.750000000000000
,1116,184.500000000000000
,1117,275.000000000000000
,1118,334.500000000000000
,1119,369.500000000000000
,1120,449.750000000000000
,1121,620.000000000000000
,1122,1433.750000000000000
,1123,2772.000000000000000
,1124,1666.250000000000000
,1125,1890.500000000000000
,1126,2691.750000000000000
,1127,2276.000000000000000
,1128,1613.250000000000000
,1129,2645.000000000000000
,1130,2321.000000000000000
,1131,2661.750000000000000
,1132,1639.500000000000000
,1133,1955.750000000000000
,1134,1171.250000000000000
,1135,1423.500000000000000
,1136,788.750000000000000
,1137,1026.000000000000000
,1138,0.000000000000000
,1139,0.000000000000000
,1140,32.500000000000000
,1141,94.500000000000000
,1142,200.250000000000000
,1143,202.500000000000000
,1144,355.250000000000000
,1145,431.500000000000000
,1146,561.750000000000000
,1147,606.500000000000000
,1148,1630.500000000000000
,1149,1573.250000000000000
,1150,2843.500000000000000
,1151,3119.000000000000000
,1152,2352.500000000000000
,1153,2174.750000000000000
,1154,1941.000000000000000
,1155,2051.250000000000000
,1156,2110.250000000000000
,1157,2990.000000000000000
,1158,2756.500000000000000
,1159,2050.250000000000000
,1160,861.250000000000000
,1161,933.750000000000000
,1162,361.500000000000000
,1163,546.750000000000000
,1164,16.770000000000000
,1165,3.250000000000000
,1166,47.000000000000000
,1167,96.750000000000000
,1168,518.500000000000000
,1169,410.000000000000000
,1170,533.500000000000000
,1171,497.250000000000000
,1172,900.250000000000000
,1173,714.500000000000000
,1174,1483.750000000000000
,1175,1896.000000000000000
,1176,2900.000000000000000
,1177,3043.750000000000000
,1178,3669.250000000000000
,1179,2568.750000000000000
,1180,2199.500000000000000
,1181,1912.500000000000000
,1182,3240.000000000000000
,1183,2604.250000000000000
,1184,1721.750000000000000
,1185,1061.750000000000000
,1186,905.250000000000000
,1187,1474.250000000000000
,1188,1268.500000000000000
,1189,763.250000000000000
,1190,0.000000000000000
,1191,4.000000000000000
,1192,15.250000000000000
,1193,69.500000000000000
,1194,169.750000000000000
,1195,464.500000000000000
,1196,563.500000000000000
,1197,340.000000000000000
,1198,749.000000000000000
,1199,1288.000000000000000
,1200,1363.250000000000000
,1201,1151.500000000000000
,1202,1905.250000000000000
,1203,2055.500000000000000
,1204,2919.750000000000000
,1205,3091.250000000000000
,1206,2607.750000000000000
,1207,1147.250000000000000
,1208,1867.250000000000000
,1209,2156.750000000000000
,1210,1278.750000000000000
,1211,1440.500000000000000
,1212,540.500000000000000
,1213,849.750000000000000
,1214,211.500000000000000
,1215,419.250000000000000
,1216,0.000000000000000
,1217,4.000000000000000
,1218,35.500000000000000
,1219,105.750000000000000
,1220,174.750000000000000
,1221,221.750000000000000
,1222,240.500000000000000
,1223,475.500000000000000
,1224,642.000000000000000
,1225,1465.000000000000000
,1226,1493.500000000000000
,1227,1594.000000000000000
,1228,2330.000000000000000
,1229,2948.750000000000000
,1230,2806.000000000000000
,1231,2480.000000000000000
,1232,1234.000000000000000
,1233,1323.500000000000000
,1234,2285.500000000000000
,1235,1900.250000000000000
,1236,1522.000000000000000
,1237,1133.000000000000000
,1238,850.000000000000000
,1239,999.250000000000000
,1240,71.750000000000000
,1241,319.000000000000000
,1242,142.710000000000010
,1243,56.109999999999999
,1244,88.250000000000000
,1245,141.500000000000000
,1246,83.500000000000000
,1247,683.500000000000000
,1248,641.250000000000000
,1249,1200.750000000000000
,1250,1739.750000000000000
,1251,1683.250000000000000
,1252,1716.000000000000000
,1253,1974.750000000000000
,1254,2400.250000000000000
,1255,2376.250000000000000
,1256,1641.750000000000000
,1257,1882.500000000000000
,1258,767.750000000000000
,1259,1480.750000000000000
,1260,1519.250000000000000
,1261,1957.250000000000000
,1262,1571.750000000000000
,1263,1462.750000000000000
,1264,679.500000000000000
,1265,327.750000000000000
,1266,53.000000000000000
,1267,0.000000000000000
,1268,43.630000000000003
,1269,101.250000000000000
,1270,97.500000000000000
,1271,41.750000000000000
,1272,106.750000000000000
,1273,132.000000000000000
,1274,322.750000000000000
,1275,799.250000000000000
,1276,1023.250000000000000
,1277,1438.250000000000000
,1278,1774.500000000000000
,1279,1176.500000000000000
,1280,2053.750000000000000
,1281,1723.750000000000000
,1282,1539.500000000000000
,1283,1549.750000000000000
,1284,562.250000000000000
,1285,837.250000000000000
,1286,1295.750000000000000
,1287,1397.750000000000000
,1288,918.750000000000000
,1289,765.500000000000000
,1290,957.250000000000000
,1291,446.000000000000000
,1292,274.509999999999990
,1293,10.210000000000001
,1294,3.000000000000000
,1295,43.750000000000000
,1296,72.000000000000000
,1297,108.750000000000000
,1298,531.500000000000000
,1299,505.250000000000000
,1300,1267.750000000000000
,1301,712.000000000000000
,1302,1263.750000000000000
,1303,1858.000000000000000
,1304,1028.750000000000000
,1305,1731.500000000000000
,1306,1862.250000000000000
,1307,1837.000000000000000
,1308,900.500000000000000
,1309,278.750000000000000
,1310,792.250000000000000
,1311,398.500000000000000
,1312,238.500000000000000
,1313,521.250000000000000
,1314,453.750000000000000
,1315,35.750000000000000
,1316,80.689999999999998
,1317,0.000000000000000
,1318,9.000000000000000
,1319,26.500000000000000
,1320,29.000000000000000
,1321,81.500000000000000
,1322,103.750000000000000
,1323,230.000000000000000
,1324,523.500000000000000
,1325,274.000000000000000
,1326,1113.250000000000000
,1327,1360.750000000000000
,1328,1228.250000000000000
,1329,857.000000000000000
,1330,1454.000000000000000
,1331,1180.500000000000000
,1332,1173.000000000000000
,1333,1071.250000000000000
,1334,248.000000000000000
,1335,197.750000000000000
,1336,115.750000000000000
,1337,52.250000000000000
,1338,4.250000000000000
,1339,0.000000000000000
,1340,0.000000000000000
,1341,1.000000000000000
,1342,9.000000000000000
,1343,44.250000000000000
,1344,100.750000000000000
,1345,121.500000000000000
,1346,194.500000000000000
,1347,611.250000000000000
,1348,474.250000000000000
,1349,639.000000000000000
,1350,1159.750000000000000
,1351,1506.500000000000000
,1352,469.750000000000000
,1353,1554.000000000000000
,1354,1733.750000000000000
,1355,1198.000000000000000
,1356,790.500000000000000
,1357,313.500000000000000
,1358,57.000000000000000
,1359,16.250000000000000
,1360,5.000000000000000
,1361,0.000000000000000
,1362,0.000000000000000
,1363,42.250000000000000
,1364,81.250000000000000
,1365,113.000000000000000
,1366,116.250000000000000
,1367,248.500000000000000
,1368,250.750000000000000
,1369,725.500000000000000
,1370,1086.250000000000000
,1371,623.750000000000000
,1372,511.500000000000000
,1373,1477.000000000000000
,1374,863.000000000000000
,1375,1316.750000000000000
,1376,561.250000000000000
,1377,311.000000000000000
,1378,104.250000000000000
,1379,11.750000000000000
,1380,3.000000000000000
,1381,4.600000000000000
,1382,0.000000000000000
,1383,30.500000000000000
,1384,84.750000000000000
,1385,58.000000000000000
,1386,117.500000000000000
,1387,150.750000000000000
,1388,150.750000000000000
,1389,441.750000000000000
,1390,389.000000000000000
,1391,389.250000000000000
,1392,528.500000000000000
,1393,1050.250000000000000
,1394,1053.500000000000000
,1395,1237.000000000000000
,1396,968.250000000000000
,1397,1009.250000000000000
,1398,240.750000000000000
,1399,44.500000000000000
,1400,3.500000000000000
,1401,1.500000000000000
,1402,3.000000000000000
,1403,13.250000000000000
,1404,34.000000000000000
,1405,113.750000000000000
,1406,249.000000000000000
,1407,294.250000000000000
,1408,253.500000000000000
,1409,265.000000000000000
,1410,321.750000000000000
,1411,864.750000000000000
,1412,959.250000000000000
,1413,1059.500000000000000
,1414,288.750000000000000
,1415,579.250000000000000
,1416,909.250000000000000
,1417,645.000000000000000
,1418,392.250000000000000
,1419,10.750000000000000
,1420,0.500000000000000
,1421,3.280000000000000
,1422,61.250000000000000
,1423,95.000000000000000
,1424,162.000000000000000
,1425,240.500000000000000
,1426,281.500000000000000
,1427,219.500000000000000
,1428,85.250000000000000
,1429,204.500000000000000
,1430,155.750000000000000
,1431,482.500000000000000
,1432,672.000000000000000
,1433,164.500000000000000
,1434,762.750000000000000
,1435,350.750000000000000
,1436,583.500000000000000
,1437,529.000000000000000
,1438,491.750000000000000
,1439,127.000000000000000
,1440,0.000000000000000
,1441,21.399999999999999
,1442,55.750000000000000
,1443,130.500000000000000
,1444,130.250000000000000
,1445,209.000000000000000
,1446,159.500000000000000
,1447,148.000000000000000
,1448,46.000000000000000
,1449,75.250000000000000
,1450,58.750000000000000
,1451,290.000000000000000
,1452,154.250000000000000
,1453,472.000000000000000
,1454,211.250000000000000
,1455,397.000000000000000
,1456,653.250000000000000
,1457,775.500000000000000
,1458,599.500000000000000
,1459,283.750000000000000
,1460,0.000000000000000
,1461,11.430000000000000
,1462,30.500000000000000
,1463,60.250000000000000
,1464,104.250000000000000
,1465,120.000000000000000
,1466,120.500000000000000
,1467,112.000000000000000
,1468,107.000000000000000
,1469,91.000000000000000
,1470,14.250000000000000
,1471,254.750000000000000
,1472,16.250000000000000
,1473,309.250000000000000
,1474,455.000000000000000
,1475,302.500000000000000
,1476,578.000000000000000
,1477,284.000000000000000
,1478,390.000000000000000
,1479,420.000000000000000
,1480,0.000000000000000
,1481,0.000000000000000
,1482,7.480000000000000
,1483,33.750000000000000
,1484,62.500000000000000
,1485,73.500000000000000
,1486,82.250000000000000
,1487,79.750000000000000
,1488,224.500000000000000
,1489,124.000000000000000
,1490,6.500000000000000
,1491,7.500000000000000
,1492,9.000000000000000
,1493,196.500000000000000
,1494,131.500000000000000
,1495,140.500000000000000
,1496,517.750000000000000
,1497,338.500000000000000
,1498,126.250000000000000
,1499,108.000000000000000
,1500,19.500000000000000
,1501,364.370000000000000
,1502,6.420000000000000
,1503,3.000000000000000
,1504,23.840000000000000
,1505,18.250000000000000
,1506,35.000000000000000
,1507,42.000000000000000
,1508,178.250000000000000
,1509,247.750000000000000
,1510,11.750000000000000
,1511,3.000000000000000
,1512,2.000000000000000
,1513,4.000000000000000
,1514,12.250000000000000
,1515,191.750000000000000
,1516,571.250000000000000
,1517,313.750000000000000
,1518,270.250000000000000
,1519,93.500000000000000
,1520,31.260000000000002
,1521,5.740000000000000
,1522,11.029999999999999
,1523,47.479999999999997
,1524,124.500000000000000
,1525,224.500000000000000
,1526,140.250000000000000
,1527,1.000000000000000
,1528,4.750000000000000
,1529,326.250000000000000
,1530,53.750000000000000
,1531,176.250000000000000
,1532,33.250000000000000
,1533,38.250000000000000
,1534,123.500000000000000
,1535,457.000000000000000
,1536,75.480000000000004
,1537,55.159999999999997
,1538,0.000000000000000
,1539,196.250000000000000
,1540,217.750000000000000
,1541,287.750000000000000
,1542,608.000000000000000
,1543,351.250000000000000
,1544,246.000000000000000
,1545,44.250000000000000
,1546,108.060000000000000
,1547,0.000000000000000
,1548,0.000000000000000
,1549,0.000000000000000
,1550,34.250000000000000
,1551,139.500000000000000
,1552,788.000000000000000
,1553,289.500000000000000
,1554,241.000000000000000
,1555,107.750000000000000
,1556,0.000000000000000
,1557,0.000000000000000
,1558,34.000000000000000
,1559,107.750000000000000
,1560,344.000000000000000
,1561,275.500000000000000
,1562,12.250000000000000
,1563,0.000000000000000
,1564,0.000000000000000
,1565,18.609999999999999
,1566,65.400000000000006
,1567,91.439999999999998
,1568,0.000000000000000