0835 121.515 23.796
0834 121.466 23.796
0837 120.190 23.840
0836 121.564 23.796
0831 121.319 23.796
0830 121.270 23.796
0833 121.417 23.796
0832 121.368 23.796
0839 120.288 23.840
0838 120.239 23.840
0545 120.193 23.388
0544 120.144 23.388
0547 120.291 23.389
0546 120.242 23.388
0541 121.367 23.345
0540 121.318 23.345
0543 121.465 23.344
0542 121.416 23.345
0549 120.389 23.389
0548 120.340 23.389
0721 120.338 23.660
0720 120.289 23.660
0723 120.436 23.660
0722 120.387 23.660
0725 120.534 23.660
0724 120.485 23.660
0727 120.632 23.661
0726 120.583 23.661
0729 120.730 23.661
0728 120.681 23.661
0059 120.539 22.396
0058 120.490 22.396
0053 120.733 22.351
0052 120.684 22.351
0051 120.636 22.351
0050 120.587 22.351
0057 120.927 22.352
0056 120.879 22.352
0055 120.830 22.352
0054 120.782 22.352
0619 121.024 23.481
0618 120.976 23.481
0615 120.829 23.480
0614 120.780 23.480
0617 120.927 23.481
0616 120.878 23.481
0611 120.633 23.480
0610 120.584 23.480
0613 120.731 23.480
0612 120.682 23.480
0426 121.317 23.164
0935 120.877 23.977
0424 121.220 23.164
0937 120.975 23.977
0930 120.631 23.977
0931 120.681 23.977
0420 121.024 23.165
0421 121.073 23.164
1199 120.975 24.429
1198 120.926 24.429
1191 120.581 24.428
1190 121.813 24.381
1193 120.679 24.428
1192 120.630 24.428
1195 120.778 24.429
1194 120.729 24.428
1197 120.877 24.429
1196 120.827 24.429
1177 121.173 24.383
1176 121.123 24.383
1175 121.074 24.384
1174 121.025 24.384
1173 120.975 24.384
1172 120.926 24.384
1171 120.877 24.383
1170 120.827 24.383
1179 121.271 24.383
1178 121.222 24.383
1285 121.518 24.563
1284 121.469 24.563
1287 121.617 24.563
1286 121.568 24.563
1281 121.321 24.564
1280 121.271 24.564
1283 121.420 24.564
1282 121.370 24.564
1289 121.716 24.562
1288 121.666 24.563
1371 121.321 24.744
1370 121.272 24.744
1373 121.420 24.744
1372 121.371 24.744
1375 121.519 24.744
1374 121.470 24.744
1377 121.618 24.743
1376 121.568 24.744
1379 121.717 24.743
1378 121.667 24.743
0840 120.337 23.840
0841 120.386 23.841
0842 120.436 23.841
0843 120.485 23.841
0844 120.534 23.841
0845 120.583 23.841
0846 120.632 23.841
0847 120.681 23.841
0848 120.730 23.842
0849 120.779 23.842
0530 120.829 23.345
0531 120.878 23.345
0532 120.927 23.345
0533 120.976 23.345
0534 121.024 23.345
0535 121.073 23.345
0536 121.122 23.345
0537 121.171 23.345
0538 121.220 23.345
0539 121.269 23.345
0288 121.268 22.939
0289 121.317 22.938
0286 121.171 22.939
0287 121.219 22.939
0284 121.073 22.939
0285 121.122 22.939
0282 120.976 22.939
0283 121.024 22.939
0280 120.878 22.939
0281 120.927 22.939
0992 120.975 24.068
0993 121.025 24.068
0990 120.877 24.067
0991 120.926 24.067
0448 120.976 23.210
0997 121.221 24.067
0994 121.074 24.067
0995 121.123 24.067
0444 120.780 23.210
0445 120.829 23.210
0998 121.270 24.067
0447 120.927 23.210
0440 120.585 23.209
0441 120.634 23.209
0442 120.682 23.209
0443 120.731 23.209
0264 121.268 22.893
0265 120.147 22.936
0266 120.196 22.937
0267 120.244 22.937
0260 121.073 22.894
0261 121.122 22.894
0262 121.171 22.893
0263 121.219 22.893
0268 120.293 22.937
0269 120.342 22.937
0668 120.584 23.570
0669 120.633 23.570
0198 120.196 22.801
0199 120.245 22.801
0192 120.927 22.758
0193 120.976 22.758
0662 120.290 23.569
0191 120.878 22.758
0664 120.388 23.570
0665 120.437 23.570
0666 120.486 23.570
0195 121.073 22.758
0066 120.879 22.397
0067 120.927 22.397
0064 120.781 22.397
0065 120.830 22.397
0062 120.684 22.397
0063 120.733 22.397
0060 120.587 22.396
0061 120.636 22.396
0068 120.441 22.441
0069 120.490 22.441
1142 120.680 24.338
1143 120.729 24.338
1140 120.581 24.338
1141 120.630 24.338
1146 120.877 24.338
1147 120.926 24.338
1144 120.778 24.338
1145 120.828 24.338
1148 120.975 24.338
1149 121.025 24.338
1546 121.769 25.149
1547 121.818 25.149
1544 121.670 25.149
1545 121.719 25.149
1542 121.570 25.150
1543 121.620 25.150
1540 121.471 25.150
1541 121.521 25.150
0204 120.489 22.802
1548 121.868 25.148
1549 121.917 25.148
0205 120.537 22.803
0202 120.391 22.802
0751 120.338 23.705
0752 120.387 23.705
0753 120.436 23.705
1388 121.173 24.790
1389 121.223 24.790
1384 120.975 24.790
1385 121.025 24.790
1386 121.074 24.790
1387 121.124 24.790
1380 121.766 24.743
1381 121.816 24.742
1382 120.876 24.790
1383 120.926 24.790
0853 120.975 23.842
0852 120.926 23.842
0851 120.877 23.842
0850 120.828 23.842
0857 121.172 23.842
0856 121.123 23.842
0855 121.074 23.842
0854 121.025 23.842
0859 121.270 23.842
0858 121.221 23.842
0523 120.487 23.344
0522 120.438 23.344
0521 120.389 23.344
0520 120.340 23.344
0527 120.682 23.345
0526 120.633 23.345
0525 120.584 23.345
0524 120.535 23.344
0529 120.780 23.345
0528 120.731 23.345
1447 121.272 24.925
0299 120.585 22.983
0298 120.537 22.983
0291 120.195 22.982
0290 120.147 22.982
0293 120.293 22.982
0292 120.244 22.982
0295 120.390 22.983
0294 120.342 22.983
0297 120.488 22.983
0296 120.439 22.983
0989 120.828 24.067
0988 120.779 24.067
0459 120.145 23.252
0458 120.096 23.252
0457 121.415 23.209
0984 120.582 24.067
0455 121.318 23.209
0986 120.680 24.067
0981 120.435 24.066
0452 121.171 23.210
0451 121.122 23.210
0450 121.073 23.210
0277 120.732 22.939
0276 120.683 22.938
0275 120.634 22.938
0274 120.586 22.938
0273 120.537 22.938
0272 120.488 22.938
0271 120.439 22.938
0270 120.391 22.938
0279 120.829 22.939
0278 120.781 22.939
0185 120.586 22.758
0184 120.537 22.757
0187 120.684 22.758
0186 120.635 22.758
0181 120.391 22.757
0180 120.343 22.757
0183 120.489 22.757
0182 120.440 22.757
0189 120.781 22.758
0188 120.732 22.758
0679 121.122 23.571
0678 121.073 23.571
0673 120.829 23.571
0672 120.780 23.571
0671 120.731 23.571
0670 120.682 23.571
0677 121.024 23.571
0676 120.976 23.571
0675 120.927 23.571
0674 120.878 23.571
0071 120.587 22.442
0070 120.539 22.441
0073 120.684 22.442
0072 120.636 22.442
0075 120.781 22.442
0074 120.733 22.442
0077 120.879 22.442
0076 120.830 22.442
0079 120.344 22.486
0078 120.927 22.442
0368 121.268 23.074
1105 121.468 24.247
0361 120.927 23.074
0816 120.583 23.796
0815 120.534 23.796
0362 120.976 23.074
0813 120.436 23.796
0812 120.387 23.795
0367 121.220 23.074
0810 120.289 23.795
1103 121.369 24.248
1159 121.517 24.338
1158 121.468 24.338
1155 121.320 24.338
1154 121.271 24.338
1157 121.419 24.338
1156 121.370 24.338
1151 121.123 24.338
1150 121.074 24.338
1153 121.222 24.338
1152 121.172 24.338
1551 121.471 25.195
1550 121.422 25.196
1553 121.571 25.195
1552 121.521 25.195
1555 121.670 25.195
1554 121.620 25.195
1557 121.769 25.194
1556 121.719 25.194
1559 121.471 25.241
1558 121.422 25.241
0560 120.927 23.390
1399 121.717 24.788
1398 121.668 24.788
1397 121.618 24.789
1396 121.569 24.789
1395 121.519 24.789
1394 121.470 24.789
1393 121.420 24.789
1392 121.371 24.789
1391 121.321 24.789
1390 121.272 24.790
0868 120.288 23.885
0869 120.337 23.885
0866 121.614 23.841
0867 120.239 23.885
0864 121.515 23.841
0865 121.564 23.841
0862 121.417 23.841
0863 121.466 23.841
0860 121.319 23.841
0861 121.368 23.841
0518 120.242 23.343
0519 120.291 23.344
0516 120.144 23.343
0517 120.193 23.343
0514 121.464 23.299
0515 120.095 23.343
0512 121.367 23.300
0513 121.416 23.299
0510 121.269 23.300
0511 121.318 23.300
0667 120.535 23.570
0468 120.585 23.254
0469 120.634 23.254
0462 120.291 23.253
0463 120.340 23.253
0460 120.194 23.253
0461 120.243 23.253
0466 120.487 23.254
0467 120.536 23.254
0464 120.389 23.254
0465 120.438 23.254
0242 120.196 22.892
0243 120.245 22.892
0240 121.171 22.848
0241 121.219 22.848
0246 120.391 22.892
0247 120.440 22.893
0244 120.293 22.892
0245 120.342 22.892
0248 120.488 22.893
0249 120.537 22.893
0646 120.927 23.526
0647 120.976 23.526
0644 120.829 23.526
0645 120.878 23.526
0642 120.731 23.525
0643 120.780 23.526
0640 120.633 23.525
0641 120.682 23.525
0648 121.024 23.526
0649 121.073 23.526
0884 121.074 23.887
0885 121.123 23.887
0886 121.172 23.887
0887 121.221 23.887
0880 120.877 23.887
0881 120.926 23.887
0882 120.975 23.887
0883 121.025 23.887
0888 121.270 23.887
0889 121.319 23.887
0088 120.781 22.487
0089 120.830 22.487
0084 120.587 22.487
0085 120.636 22.487
0086 120.684 22.487
0087 120.733 22.487
0080 120.393 22.486
0081 120.441 22.486
0082 120.490 22.486
0083 120.538 22.487
1524 121.322 25.105
1257 121.370 24.519
1254 121.222 24.519
1527 121.471 25.105
1252 121.123 24.519
1253 121.173 24.519
1250 121.025 24.519
1523 121.273 25.106
1490 121.421 25.015
1491 121.471 25.015
1492 121.520 25.015
1493 121.570 25.014
1494 121.619 25.014
1495 121.669 25.014
1496 121.718 25.014
1497 121.768 25.014
1498 121.817 25.013
1499 121.867 25.013
1128 121.271 24.293
1129 121.320 24.293
1120 120.877 24.293
1121 120.926 24.293
1122 120.975 24.293
1123 121.025 24.293
1124 121.074 24.293
1125 121.123 24.293
1126 121.172 24.293
1127 121.222 24.293
1018 120.975 24.113
1019 121.025 24.113
1014 120.779 24.113
1015 120.828 24.113
1016 120.877 24.113
1017 120.926 24.113
1010 120.582 24.112
1011 120.631 24.112
1012 120.680 24.112
1013 120.729 24.112
1234 121.469 24.473
1235 121.518 24.473
1236 121.567 24.473
1237 121.617 24.473
1230 121.271 24.474
1231 121.321 24.473
1232 121.370 24.473
1233 121.419 24.473
1238 121.666 24.472
1239 121.715 24.472
0879 120.828 23.887
0878 120.779 23.887
0871 120.435 23.886
0870 120.386 23.886
0873 120.534 23.886
0872 120.484 23.886
0875 120.632 23.886
0874 120.583 23.886
0877 120.730 23.887
0876 120.681 23.887
0509 121.220 23.300
0508 121.171 23.300
0140 121.024 22.623
0501 120.829 23.300
0500 120.780 23.300
0503 120.927 23.300
0502 120.878 23.300
0505 121.024 23.300
0635 120.388 23.525
0507 121.122 23.300
0506 121.073 23.300
0634 120.339 23.524
0633 120.290 23.524
0632 120.241 23.524
0147 120.538 22.667
0146 120.489 22.667
0475 120.927 23.255
0474 120.878 23.255
0477 121.024 23.255
0476 120.976 23.255
0471 120.731 23.255
0470 120.682 23.254
0473 120.829 23.255
0472 120.780 23.255
0479 121.122 23.255
0478 121.073 23.255
0259 121.024 22.894
0258 120.976 22.894
0255 120.829 22.893
0254 120.781 22.893
0257 120.927 22.894
0256 120.878 22.894
0251 120.634 22.893
0250 120.586 22.893
0253 120.732 22.893
0252 120.683 22.893
0651 121.171 23.526
0650 121.122 23.526
0653 121.269 23.525
0652 121.220 23.526
0655 121.367 23.525
0654 121.318 23.525
0657 121.465 23.525
0656 121.416 23.525
0659 120.143 23.569
0658 121.514 23.525
0897 120.337 23.931
0896 120.288 23.930
0895 121.614 23.886
0894 121.565 23.886
0893 121.516 23.886
0892 121.466 23.886
0891 121.417 23.886
0890 121.368 23.886
0899 120.435 23.931
0898 120.386 23.931
0099 120.587 22.532
0098 120.538 22.532
0097 120.490 22.532
0096 120.441 22.531
0095 120.392 22.531
0094 120.344 22.531
0093 120.295 22.531
0092 120.976 22.487
0091 120.927 22.487
0090 120.879 22.487
1483 121.074 25.016
1482 121.025 25.016
1481 121.966 24.967
1480 121.916 24.968
1487 121.272 25.015
1486 121.223 25.015
1485 121.173 25.015
1484 121.124 25.015
1489 121.372 25.015
1488 121.322 25.015
0607 120.437 23.480
1139 120.532 24.338
1138 121.763 24.291
1133 121.517 24.292
1132 121.468 24.293
1131 121.419 24.293
1130 121.369 24.293
1137 121.714 24.292
1136 121.665 24.292
1135 121.616 24.292
1134 121.566 24.292
1009 120.533 24.112
1008 120.484 24.112
1007 120.434 24.112
1006 120.385 24.111
1005 121.615 24.066
1004 121.565 24.066
1003 121.516 24.067
1002 121.467 24.067
1001 121.418 24.067
1000 121.369 24.067
1227 121.123 24.474
1226 121.074 24.474
1225 121.025 24.474
1224 120.975 24.474
1223 120.926 24.474
1222 120.877 24.474
1221 120.827 24.474
1220 120.778 24.474
1229 121.222 24.474
1228 121.173 24.474
0790 120.779 23.751
0791 120.828 23.751
0792 120.877 23.751
0793 120.926 23.751
0794 120.975 23.751
0795 121.025 23.751
0796 121.074 23.751
0797 121.123 23.751
0798 121.172 23.751
0799 121.221 23.751
0400 120.048 23.162
0401 120.097 23.162
0402 120.145 23.162
0403 120.194 23.162
0404 120.243 23.163
0405 120.292 23.163
0406 120.341 23.163
0407 120.390 23.163
0408 120.438 23.164
0409 120.487 23.164
1477 121.768 24.968
0228 120.586 22.848
0229 120.635 22.848
0220 120.196 22.846
0221 120.245 22.847
0222 120.294 22.847
0223 120.342 22.847
0224 120.391 22.847
0225 120.440 22.847
0226 120.488 22.848
0227 120.537 22.848
0318 120.195 23.027
0319 120.244 23.027
0314 121.317 22.984
0315 120.049 23.026
0316 120.098 23.026
0317 120.146 23.027
0310 121.122 22.984
0311 121.171 22.984
0312 121.219 22.984
0313 121.268 22.984
0134 120.732 22.622
0135 120.781 22.623
0136 120.830 22.623
0137 120.878 22.623
0130 120.538 22.622
0131 120.587 22.622
0132 120.635 22.622
0133 120.684 22.622
0138 120.927 22.623
0139 120.976 22.623
0637 120.486 23.525
0980 120.385 24.066
0982 120.484 24.067
1038 120.680 24.157
1039 120.729 24.158
1032 121.664 24.111
1033 120.434 24.157
1030 121.566 24.112
1031 121.615 24.111
1036 120.582 24.157
1037 120.631 24.157
1034 120.483 24.157
1035 120.533 24.157
1212 121.616 24.427
1213 121.666 24.427
1210 121.518 24.428
1211 121.567 24.428
1216 121.814 24.426
1217 120.630 24.473
1214 121.715 24.427
1215 121.764 24.427
1218 120.679 24.473
1219 120.729 24.474
1454 121.619 24.924
1107 121.566 24.247
1104 121.419 24.248
1457 121.767 24.923
1450 121.421 24.925
1451 121.470 24.925
1100 121.222 24.248
1101 121.271 24.248
1458 121.817 24.923
1459 121.866 24.923
1108 121.615 24.247
1109 121.665 24.247
0747 120.142 23.704
0783 120.436 23.750
0782 120.387 23.750
0781 120.338 23.750
0780 120.289 23.750
0787 120.632 23.751
0786 120.583 23.751
0785 120.534 23.751
0784 120.485 23.751
0789 120.730 23.751
0746 121.564 23.660
0413 120.683 23.164
0412 120.634 23.164
0411 120.585 23.164
0410 120.536 23.164
0417 120.878 23.164
0416 120.829 23.164
0415 120.780 23.164
0414 120.731 23.164
0419 120.976 23.165
0418 120.927 23.164
0239 121.122 22.848
0238 121.073 22.848
0233 120.829 22.848
0232 120.781 22.848
0231 120.732 22.848
0230 120.683 22.848
0237 121.024 22.848
0236 120.976 22.848
0235 120.927 22.848
0234 120.878 22.848
0309 121.073 22.984
0308 121.024 22.984
0307 120.976 22.984
0306 120.927 22.984
0305 120.878 22.984
0304 120.829 22.984
0303 120.781 22.984
0302 120.732 22.984
0301 120.683 22.984
0300 120.634 22.983
0127 120.392 22.622
0126 120.343 22.621
0125 120.295 22.621
0124 120.246 22.621
0123 121.024 22.578
0122 120.976 22.578
0121 120.927 22.577
0120 120.878 22.577
0129 120.489 22.622
0128 120.441 22.622
0431 120.145 23.207
0926 120.435 23.976
0925 120.386 23.976
0924 120.337 23.976
0435 120.341 23.208
0434 120.292 23.208
0921 121.516 23.931
0920 121.467 23.931
0999 121.320 24.067
0625 121.318 23.480
1025 121.320 24.112
1024 121.271 24.112
1027 121.418 24.112
1026 121.369 24.112
1021 121.123 24.113
1020 121.074 24.113
1023 121.221 24.113
1022 121.172 24.113
1029 121.516 24.112
1028 121.467 24.112
0154 120.878 22.668
1209 121.468 24.428
1208 121.419 24.428
1205 121.271 24.428
1204 121.222 24.429
1207 121.370 24.428
1206 121.321 24.428
1201 121.074 24.429
1200 121.025 24.429
1203 121.173 24.429
1202 121.123 24.429
0622 121.171 23.480
1111 121.763 24.246
1110 121.714 24.246
1445 121.173 24.925
1112 120.483 24.292
1115 120.631 24.293
1114 120.581 24.293
1117 120.729 24.293
1116 120.680 24.293
1119 120.828 24.293
1118 120.778 24.293
1449 121.371 24.925
1448 121.322 24.925
0938 121.025 23.977
0939 121.074 23.977
0428 121.415 23.164
0429 120.047 23.207
0934 120.828 23.977
0427 121.366 23.164
0936 120.926 23.977
0425 121.269 23.164
0422 121.122 23.164
0423 121.171 23.164
0932 120.730 23.977
0933 120.779 23.977
0996 121.172 24.067
0449 121.024 23.210
0446 120.878 23.210
0688 120.143 23.614
0689 120.192 23.614
0682 121.269 23.571
0683 121.318 23.571
0680 121.171 23.571
0681 121.220 23.571
0686 121.465 23.570
0687 121.514 23.570
0684 121.367 23.570
0685 121.416 23.570
0338 121.171 23.029
0339 121.220 23.029
0332 120.878 23.029
0333 120.927 23.029
0330 120.780 23.029
0331 120.829 23.029
0336 121.073 23.029
0337 121.122 23.029
0334 120.976 23.029
0335 121.024 23.029
0112 120.489 22.577
0113 120.538 22.577
0110 120.392 22.576
0111 120.441 22.577
0116 120.684 22.577
0117 120.733 22.577
0114 120.587 22.577
0115 120.635 22.577
0118 120.781 22.577
0119 120.830 22.577
1106 121.517 24.247
1455 121.668 24.924
1456 121.718 24.924
0754 120.485 23.705
0755 120.534 23.706
0756 120.583 23.706
0757 120.632 23.706
0750 120.289 23.705
0203 120.440 22.802
0200 120.294 22.802
0201 120.343 22.802
1102 121.320 24.248
0758 120.681 23.706
0759 120.730 23.706
0208 120.683 22.803
0209 120.732 22.803
1452 121.520 24.924
1453 121.569 24.924
1050 121.271 24.158
1051 121.320 24.157
1052 121.369 24.157
1053 121.418 24.157
1054 121.467 24.157
1055 121.517 24.157
1056 121.566 24.157
1057 121.615 24.157
1058 121.664 24.156
1059 120.483 24.202
0745 121.515 23.660
0744 121.466 23.660
0743 121.417 23.661
0742 121.368 23.661
1278 121.173 24.564
1279 121.222 24.564
0741 121.319 23.661
1270 120.778 24.564
1271 120.827 24.564
1272 120.877 24.564
0216 121.073 22.803
1274 120.975 24.564
1275 121.025 24.564
1276 121.074 24.564
1277 121.123 24.564
0660 120.192 23.569
0661 120.241 23.569
0190 120.830 22.758
0663 120.339 23.569
0196 121.122 22.758
0197 121.170 22.758
1472 121.520 24.970
1473 121.569 24.969
1470 121.421 24.970
1471 121.470 24.970
1476 121.718 24.969
0194 121.024 22.758
1474 121.619 24.969
1475 121.669 24.969
1478 121.817 24.968
1479 121.867 24.968
1304 121.272 24.609
1305 121.321 24.609
1306 121.370 24.609
1307 121.420 24.609
1300 121.074 24.609
1301 121.123 24.609
1302 121.173 24.609
1303 121.222 24.609
1308 121.469 24.609
1309 121.518 24.608
0439 120.536 23.209
0438 120.487 23.209
0929 120.582 23.977
0928 120.533 23.977
0927 120.484 23.976
0430 120.096 23.207
0433 120.243 23.208
0432 120.194 23.208
0923 121.614 23.931
0922 121.565 23.931
0437 120.438 23.209
0436 120.389 23.208
0695 120.486 23.615
0694 120.437 23.615
0697 120.584 23.615
0696 120.535 23.615
0691 120.290 23.614
0690 120.241 23.614
0693 120.388 23.615
0692 120.339 23.615
0699 120.682 23.616
0698 120.633 23.616
0325 120.537 23.028
0324 120.488 23.028
0327 120.634 23.029
0326 120.585 23.029
0321 120.341 23.028
0320 120.293 23.027
0323 120.439 23.028
0322 120.390 23.028
0329 120.732 23.029
0328 120.683 23.029
0109 120.344 22.576
0108 120.295 22.576
0105 120.878 22.532
0104 120.830 22.532
0107 120.976 22.532
0106 120.927 22.532
0101 120.684 22.532
0100 120.635 22.532
0103 120.781 22.532
0102 120.733 22.532
0211 120.830 22.803
0210 120.781 22.803
0213 120.927 22.803
0212 120.878 22.803
0215 121.024 22.803
0214 120.976 22.803
0217 121.122 22.803
0740 121.270 23.661
0219 121.219 22.803
0218 121.170 22.803
0749 120.240 23.704
0748 120.191 23.704
0788 120.681 23.751
0829 121.221 23.796
1043 120.926 24.158
1042 120.877 24.158
1041 120.828 24.158
1040 120.779 24.158
1047 121.123 24.158
1046 121.074 24.158
1045 121.025 24.158
1044 120.975 24.158
1049 121.221 24.158
1048 121.172 24.158
1269 120.729 24.564
1268 120.679 24.564
1263 121.666 24.518
1262 121.617 24.518
1261 121.567 24.518
1260 121.518 24.518
1267 121.863 24.517
1266 121.814 24.517
1265 121.765 24.517
1264 121.715 24.517
1469 121.371 24.970
1468 121.322 24.970
1465 121.173 24.970
1464 121.124 24.970
1467 121.272 24.970
1466 121.223 24.970
1461 120.975 24.970
1460 121.916 24.922
1463 121.074 24.970
1462 121.025 24.970
1317 121.913 24.606
1316 121.864 24.607
1315 121.815 24.607
1314 121.765 24.607
1313 121.716 24.608
1312 121.667 24.608
1311 121.617 24.608
1310 121.568 24.608
1319 120.827 24.654
1318 120.778 24.654
0918 121.368 23.932
0919 121.418 23.932
0912 121.074 23.932
0913 121.123 23.932
0910 120.975 23.932
0911 121.025 23.932
0916 121.270 23.932
0917 121.319 23.932
0914 121.172 23.932
0915 121.221 23.932
0350 120.390 23.073
0351 120.439 23.073
0352 120.488 23.073
0353 120.536 23.074
0354 120.585 23.074
0355 120.634 23.074
0356 120.683 23.074
0357 120.732 23.074
0358 120.780 23.074
0359 120.829 23.074
0596 121.318 23.435
0597 121.367 23.435
0594 121.220 23.435
0595 121.269 23.435
0592 121.122 23.435
0593 121.171 23.435
0590 121.024 23.435
0591 121.073 23.435
0598 121.416 23.435
0599 121.465 23.435
0178 120.245 22.756
0179 120.294 22.757
0170 120.781 22.713
0171 120.830 22.713
0172 120.878 22.713
0173 120.927 22.713
0174 120.976 22.713
0175 121.024 22.713
0176 121.073 22.713
0177 121.122 22.713
0772 121.368 23.706
0773 121.417 23.706
0770 121.270 23.706
0771 121.319 23.706
0776 121.564 23.705
0777 120.142 23.749
0774 121.466 23.706
0775 121.515 23.705
0778 120.191 23.749
0779 120.240 23.750
0004 120.734 21.945
0005 120.782 21.945
0006 120.831 21.945
0007 120.879 21.945
0001 120.734 21.900
0002 120.831 21.900
0003 120.879 21.900
0008 120.685 21.990
0009 120.734 21.990
1537 121.322 25.151
1536 121.917 25.103
1243 120.679 24.519
1242 121.863 24.471
1533 121.768 25.104
1532 121.719 25.104
1531 121.669 25.104
1246 120.827 24.519
1078 121.418 24.202
1079 121.468 24.202
1076 121.320 24.203
1077 121.369 24.203
1074 121.221 24.203
1075 121.271 24.203
1072 121.123 24.203
1073 121.172 24.203
1070 121.025 24.203
1071 121.074 24.203
1094 120.926 24.248
1095 120.975 24.248
1096 121.025 24.248
1097 121.074 24.248
1090 120.729 24.248
1091 120.778 24.248
1092 120.828 24.248
1093 120.877 24.248
1098 121.123 24.248
1099 121.172 24.248
1418 121.717 24.833
1419 121.767 24.833
1410 121.322 24.835
1411 121.371 24.835
1412 121.420 24.834
1413 121.470 24.834
1414 121.519 24.834
1415 121.569 24.834
1416 121.618 24.834
1417 121.668 24.833
1322 120.975 24.654
1323 121.025 24.654
1320 120.877 24.654
1321 120.926 24.654
1326 121.173 24.654
1327 121.222 24.654
1324 121.074 24.654
1325 121.123 24.654
1328 121.272 24.654
1329 121.321 24.654
1256 121.321 24.519
1525 121.372 25.105
1526 121.421 25.105
1255 121.271 24.519
1520 121.917 25.058
1521 121.174 25.106
1522 121.223 25.106
1251 121.074 24.519
1528 121.521 25.105
1529 121.570 25.105
1258 121.419 24.518
1259 121.469 24.518
0905 120.730 23.932
0904 120.681 23.932
0907 120.828 23.932
0906 120.779 23.932
0901 120.533 23.931
0900 120.484 23.931
0903 120.632 23.932
0902 120.582 23.932
0909 120.926 23.932
0908 120.877 23.932
0609 120.535 23.480
0801 121.319 23.751
0504 120.976 23.300
0343 120.048 23.071
0342 121.366 23.029
0341 121.317 23.029
0340 121.268 23.029
0347 120.244 23.072
0346 120.195 23.072
0345 120.146 23.072
0344 120.097 23.072
0349 120.341 23.073
0348 120.292 23.073
0581 120.584 23.435
0580 120.535 23.435
0583 120.682 23.435
0582 120.633 23.435
0585 120.780 23.435
0584 120.731 23.435
0587 120.878 23.435
0586 120.829 23.435
0589 120.976 23.435
0588 120.927 23.435
1446 121.223 24.925
0169 120.732 22.713
0168 120.684 22.713
0163 120.440 22.712
0162 120.392 22.712
0161 120.343 22.712
0160 120.294 22.711
0167 120.635 22.713
0166 120.586 22.712
0165 120.538 22.712
0164 120.489 22.712
0769 121.221 23.706
0768 121.172 23.706
0765 121.025 23.706
0764 120.975 23.706
0767 121.123 23.706
0766 121.074 23.706
0761 120.828 23.706
0760 120.779 23.706
0763 120.926 23.706
0762 120.877 23.706
0017 120.879 22.036
0016 120.830 22.036
0015 120.782 22.035
0014 120.734 22.035
0013 120.685 22.035
0012 120.879 21.990
0011 120.831 21.990
0010 120.782 21.990
0019 120.734 22.081
0018 120.685 22.080
1440 121.866 24.878
1069 120.975 24.203
1068 120.926 24.203
1061 120.582 24.202
1060 120.532 24.202
1063 120.680 24.203
1062 120.631 24.203
1065 120.779 24.203
1064 120.729 24.203
1067 120.877 24.203
1066 120.828 24.203
0804 121.466 23.751
0805 121.515 23.751
0806 121.564 23.750
1087 120.581 24.248
1086 120.532 24.247
1085 120.483 24.247
1084 121.714 24.201
1083 121.664 24.202
1082 121.615 24.202
1081 121.566 24.202
1080 121.517 24.202
0800 121.270 23.751
1089 120.680 24.248
1088 120.631 24.248
0802 121.368 23.751
0803 121.417 23.751
1409 121.272 24.835
1408 121.223 24.835
0453 121.220 23.210
1403 120.975 24.835
1402 120.926 24.835
1401 121.816 24.788
1400 121.766 24.788
1407 121.173 24.835
1406 121.124 24.835
1405 121.074 24.835
1404 121.025 24.835
1339 121.815 24.652
1338 121.766 24.652
1335 121.617 24.653
1334 121.568 24.653
1337 121.716 24.653
1336 121.667 24.653
1331 121.420 24.654
1330 121.370 24.654
1333 121.519 24.654
1332 121.469 24.654
1241 121.814 24.472
1240 121.765 24.472
1535 121.868 25.103
1534 121.818 25.104
1245 120.778 24.519
1244 120.729 24.519
1247 120.877 24.519
1530 121.620 25.105
1249 120.975 24.519
1248 120.926 24.519
1539 121.422 25.150
1538 121.372 25.151
0970 121.221 24.022
0971 121.270 24.022
0972 121.319 24.022
0973 121.369 24.022
0974 121.418 24.022
0975 121.467 24.022
0976 121.516 24.021
0977 121.565 24.021
0978 121.614 24.021
0979 121.664 24.021
0488 120.193 23.298
0489 120.242 23.298
0480 121.171 23.255
0481 121.220 23.255
0482 121.269 23.255
0483 121.318 23.254
0484 121.366 23.254
0485 121.415 23.254
0486 120.096 23.297
0487 120.145 23.298
0808 120.190 23.794
0809 120.239 23.795
0378 120.390 23.118
0379 120.439 23.118
0376 120.292 23.118
0377 120.341 23.118
0374 120.195 23.117
0375 120.243 23.118
0372 120.097 23.117
0373 120.146 23.117
0370 121.366 23.074
0371 120.048 23.116
0578 120.437 23.434
0579 120.486 23.435
0574 120.242 23.434
0575 120.290 23.434
0576 120.339 23.434
0577 120.388 23.434
0570 121.416 23.390
0571 121.465 23.390
0572 120.144 23.433
0573 120.193 23.433
0394 121.171 23.119
0395 121.220 23.119
0396 121.268 23.119
0397 121.317 23.119
0390 120.976 23.119
0391 121.024 23.119
0392 121.073 23.119
0393 121.122 23.119
0398 121.366 23.119
0399 121.415 23.119
0718 120.191 23.659
0719 120.240 23.659
0710 121.220 23.616
0711 121.269 23.616
0712 121.318 23.616
0713 121.367 23.616
0714 121.416 23.615
0715 121.465 23.615
0716 121.514 23.615
0717 120.142 23.659
0022 120.879 22.081
0023 120.685 22.126
0020 120.782 22.081
0021 120.830 22.081
0026 120.830 22.126
0027 120.879 22.126
0024 120.733 22.126
0025 120.782 22.126
0028 120.685 22.171
0029 120.733 22.171
0624 121.269 23.480
0157 121.024 22.668
0626 121.367 23.480
0155 120.927 22.668
0620 121.073 23.481
0621 121.122 23.481
0150 120.684 22.668
0151 120.732 22.668
0628 121.465 23.480
0629 121.514 23.480
0158 121.073 22.668
0159 120.246 22.711
1436 121.668 24.879
1437 121.718 24.878
1434 121.569 24.879
1435 121.619 24.879
1432 121.470 24.879
1433 121.520 24.879
1430 121.371 24.880
1431 121.421 24.880
1438 121.767 24.878
1439 121.816 24.878
1348 121.173 24.699
1349 121.222 24.699
1340 121.864 24.652
1341 120.827 24.699
1342 120.876 24.700
1343 120.926 24.700
1344 120.975 24.700
1345 121.025 24.700
1346 121.074 24.700
1347 121.124 24.700
1502 121.025 25.061
1503 121.074 25.061
1500 121.916 25.013
1501 121.966 25.012
1506 121.223 25.061
1507 121.273 25.060
1504 121.124 25.061
1505 121.173 25.061
1508 121.322 25.060
1509 121.372 25.060
0963 120.877 24.022
0962 120.828 24.022
0961 120.779 24.022
0960 120.730 24.022
0967 121.074 24.022
0966 121.025 24.022
0965 120.975 24.022
0964 120.926 24.022
0969 121.172 24.022
0968 121.123 24.022
0152 120.781 22.668
0499 120.731 23.300
0498 120.682 23.300
0493 120.438 23.299
0492 120.389 23.299
0491 120.340 23.299
0490 120.291 23.298
0497 120.633 23.300
0496 120.584 23.299
0495 120.536 23.299
0494 120.487 23.299
0369 121.317 23.074
0156 120.976 22.668
0819 120.730 23.796
0818 120.681 23.796
0817 120.632 23.796
0360 120.878 23.074
0363 121.024 23.074
0814 120.485 23.796
0365 121.122 23.074
0364 121.073 23.074
0811 120.338 23.795
0366 121.171 23.074
0627 121.416 23.480
0569 121.367 23.390
0568 121.318 23.390
0567 121.269 23.390
0566 121.220 23.390
0565 121.171 23.390
0564 121.122 23.390
0563 121.073 23.390
0562 121.024 23.390
0561 120.976 23.390
0153 120.830 22.668
0387 120.829 23.119
0386 120.780 23.119
0385 120.732 23.119
0384 120.683 23.119
0383 120.634 23.119
0382 120.585 23.119
0381 120.536 23.119
0380 120.487 23.119
0623 121.220 23.480
0389 120.927 23.119
0388 120.878 23.119
0709 121.171 23.616
0708 121.122 23.616
0703 120.878 23.616
0702 120.829 23.616
0701 120.780 23.616
0700 120.731 23.616
0707 121.074 23.616
0706 121.025 23.616
0705 120.976 23.616
0704 120.927 23.616
0039 120.685 22.261
0038 120.636 22.261
0035 120.782 22.216
0034 120.733 22.216
0037 120.879 22.216
0036 120.830 22.216
0031 120.830 22.171
0030 120.782 22.171
0033 120.685 22.216
0032 120.879 22.171
0206 120.586 22.803
0141 120.246 22.666
0636 120.437 23.525
0143 120.343 22.666
0142 120.295 22.666
0145 120.440 22.667
0144 120.392 22.667
0631 120.192 23.524
0630 120.143 23.523
0149 120.635 22.667
0148 120.586 22.667
0639 120.584 23.525
0638 120.535 23.525
0207 120.635 22.803
1421 120.926 24.880
1420 121.816 24.833
1423 121.025 24.880
1422 120.975 24.880
1425 121.124 24.880
1424 121.074 24.880
1427 121.223 24.880
1426 121.173 24.880
1429 121.322 24.880
1428 121.272 24.880
1359 121.716 24.698
1358 121.667 24.698
1353 121.420 24.699
1352 121.371 24.699
1351 121.321 24.699
1350 121.272 24.699
1357 121.618 24.698
1356 121.568 24.698
1355 121.519 24.699
1354 121.469 24.699
0807 120.141 23.794
1273 120.926 24.564
1519 121.867 25.058
1518 121.818 25.058
1515 121.669 25.059
1514 121.619 25.059
1517 121.768 25.059
1516 121.719 25.059
1511 121.471 25.060
1510 121.421 25.060
1513 121.570 25.060
1512 121.520 25.060
0958 120.631 24.022
0959 120.681 24.022
0956 120.533 24.022
0957 120.582 24.022
0954 120.435 24.021
0955 120.484 24.021
0952 120.336 24.021
0953 120.386 24.021
0950 121.614 23.976
0951 121.663 23.976
0985 120.631 24.067
0456 121.366 23.209
0987 120.730 24.067
0828 121.172 23.797
0454 121.269 23.209
0822 120.877 23.797
0823 120.926 23.797
0820 120.779 23.796
0821 120.828 23.797
0826 121.074 23.797
0827 121.123 23.797
0824 120.975 23.797
0825 121.025 23.797
0558 120.829 23.390
0559 120.878 23.390
0983 120.533 24.067
0552 120.535 23.390
0553 120.584 23.390
0550 120.437 23.389
0551 120.486 23.389
0556 120.731 23.390
0557 120.780 23.390
0554 120.633 23.390
0555 120.682 23.390
0736 121.074 23.661
0737 121.123 23.661
0734 120.975 23.661
0735 121.025 23.661
0732 120.877 23.661
0733 120.926 23.661
0730 120.779 23.661
0731 120.828 23.661
1113 120.532 24.293
0738 121.172 23.661
0739 121.221 23.661
1444 121.124 24.925
1443 121.074 24.925
1442 121.025 24.925
0048 120.830 22.306
0049 120.879 22.307
1441 120.975 24.925
0040 120.733 22.261
0041 120.782 22.261
0042 120.830 22.261
0043 120.879 22.261
0044 120.636 22.306
0045 120.685 22.306
0046 120.733 22.306
0047 120.782 22.306
1560 121.521 25.240
1293 120.728 24.609
1562 121.620 25.240
1563 121.670 25.240
1564 121.720 25.240
1297 120.926 24.609
0602 120.192 23.478
0603 120.241 23.479
0600 121.514 23.435
0601 120.143 23.478
0606 120.388 23.479
1294 120.778 24.609
0604 120.290 23.479
0605 120.339 23.479
0608 120.486 23.480
1567 121.571 25.285
1188 121.715 24.382
1189 121.764 24.382
1186 121.616 24.382
1187 121.665 24.382
1184 121.518 24.383
1185 121.567 24.382
1182 121.419 24.383
1183 121.468 24.383
1180 121.320 24.383
1181 121.370 24.383
1164 121.764 24.336
1165 120.581 24.383
1166 120.630 24.383
1167 120.680 24.383
1160 121.567 24.337
1161 121.616 24.337
1162 121.665 24.337
1163 121.714 24.337
1168 120.729 24.383
1169 120.778 24.383
1568 121.621 25.285
1298 120.975 24.609
1299 121.025 24.609
1292 121.864 24.562
1561 121.571 25.240
1290 121.765 24.562
1291 121.814 24.562
1296 120.877 24.609
1565 121.472 25.286
1566 121.521 25.285
1295 120.827 24.609
0949 121.565 23.976
0948 121.516 23.976
0941 121.172 23.977
0940 121.123 23.977
0943 121.270 23.977
0942 121.221 23.977
0945 121.369 23.977
0944 121.319 23.977
0947 121.467 23.977
0946 121.418 23.977
1366 121.074 24.745
1367 121.124 24.745
1364 120.975 24.745
1365 121.025 24.745
1362 120.876 24.745
1363 120.926 24.745
1360 121.766 24.698
1361 121.815 24.697
1368 121.173 24.745
1369 121.222 24.745
